=== Baseline Academic Summary ===
all_105 | A_improvement | n=105 | mean=1.0594 | median=1.0526 | winrate=77.1429% | CI95=(1.0467, 1.0722) | wilcoxon_p=3.82278e-14 | t_p=1.72477e-09 | d=0.6303
all_105 | B_improvement | n=105 | mean=1.1651 | median=1.1176 | winrate=97.1429% | CI95=(1.1363, 1.1947) | wilcoxon_p=9.11484e-19 | t_p=5.98476e-13 | d=0.7891
full_10y | A_improvement | n=71 | mean=1.0710 | median=1.0667 | winrate=83.0986% | CI95=(1.0554, 1.0873) | wilcoxon_p=1.46544e-11 | t_p=1.10451e-12 | d=1.0086
full_10y | B_improvement | n=71 | mean=1.1839 | median=1.1313 | winrate=98.5915% | CI95=(1.1500, 1.2231) | wilcoxon_p=1.77973e-13 | t_p=5.6158e-13 | d=1.0275
short_history | A_improvement | n=34 | mean=1.0353 | median=1.0287 | winrate=64.7059% | CI95=(1.0155, 1.0554) | wilcoxon_p=0.000447215 | t_p=0.0565407 | d=0.2792
short_history | B_improvement | n=34 | mean=1.1258 | median=1.0816 | winrate=94.1176% | CI95=(1.0808, 1.1779) | wilcoxon_p=3.97644e-07 | t_p=0.00399451 | d=0.4843

=== Grid Top10 by combo_score ===
 score_threshold  w_shortage  w_value   w_bb  w_trend  w_risk  value_band  risk_ratio  max_lots_per_trade  lot_size  all_A_mean  all_A_median  all_A_winrate  all_B_mean  all_B_median  all_B_winrate  full_A_mean  full_B_mean  is_A_mean  is_B_mean  oos_A_mean  oos_B_mean  combo_score
        0.368093      0.6819   0.0505 0.0505   0.2171    -0.2    0.290710    0.908930                   1       100    1.137349      1.116279       0.971429    1.326186      1.250000       0.990476     1.144289     1.331945   1.089969   1.164364    1.078938    1.178071     1.108143
        0.420809      0.6301   0.0496 0.0496   0.2706    -0.2    0.273858    0.963431                   1       100    1.138441      1.120000       0.961905    1.327266      1.241379       0.990476     1.146376     1.335806   1.090158   1.164249    1.077385    1.173773     1.107913
        0.383413      0.6263   0.0869 0.0516   0.2352    -0.2    0.217299    0.962779                   1       100    1.135274      1.119048       0.952381    1.324627      1.240838       0.990476     1.141267     1.328942   1.094820   1.170107    1.079656    1.176690     1.107465
        0.421541      0.6328   0.0549 0.0473   0.2651    -0.2    0.173898    0.926212                   2       100    1.136065      1.115385       0.952381    1.324794      1.241379       0.990476     1.143232     1.333037   1.087084   1.161874    1.078571    1.172804     1.107318
        0.411099      0.6415   0.0523 0.0523   0.2539    -0.2    0.263463    0.982362                   1       100    1.136576      1.119048       0.952381    1.324667      1.241379       0.990476     1.143897     1.332239   1.090493   1.164824    1.077670    1.174482     1.107123
        0.400000      0.6500   0.0500 0.0500   0.2500    -0.2    0.150000    1.000000                   2       100    1.133642      1.120000       0.952381    1.324689      1.250000       0.990476     1.138531     1.326487   1.089370   1.165115    1.079992    1.176862     1.106817
        0.400000      0.6500   0.0500 0.0500   0.2500    -0.2    0.250000    1.000000                   2       100    1.133712      1.116279       0.942857    1.323951      1.246073       0.990476     1.140779     1.329023   1.090640   1.165214    1.079724    1.176346     1.106718
        0.422969      0.6168   0.0939 0.0502   0.2391    -0.2    0.155299    1.087228                   2       100    1.133699      1.111111       0.933333    1.322316      1.245358       0.990476     1.140168     1.327516   1.092350   1.167168    1.079651    1.176269     1.106675
        0.418326      0.6427   0.0513 0.0513   0.2546    -0.2    0.222825    0.966147                   1       100    1.136212      1.116279       0.942857    1.325106      1.235602       0.990476     1.144028     1.334147   1.089210   1.158665    1.076967    1.174912     1.106589
        0.361160      0.6779   0.0542 0.0525   0.2154    -0.2    0.238450    0.912106                   1       100    1.134550      1.119048       0.961905    1.324034      1.250000       0.990476     1.140667     1.328405   1.089311   1.162882    1.078524    1.176246     1.106537